		||	SSO		|	PSO		|	MOL		|
========================================================================================
Schwefel        ||	4.03E2  	|	3.31E2  	|	6.99E2  	|
		||	0.84		|	0.69		|	1.46		|
----------------------------------------------------------------------------------------
Rastrigin       ||	1.08E1  	|	6.05E0  	|	7.36E0  	|
		||	1.34		|	0.75		|	0.91		|
----------------------------------------------------------------------------------------
Ackley          ||	2.43E-1 	|	2.66E-1 	|	8.52E-1 	|
		||	0.54		|	0.59		|	1.88		|
----------------------------------------------------------------------------------------
Griewank        ||	2.32E-1 	|	1.67E-1 	|	2.95E-1 	|
		||	1.00		|	0.72		|	1.28		|
----------------------------------------------------------------------------------------
Max Ones        ||	2.00E-2 	|	8.14E0  	|	1.07E1  	|
		||	0.00		|	1.30		|	1.70		|
----------------------------------------------------------------------------------------
Explin          ||	1.22E5  	|	1.61E5  	|	1.97E5  	|
		||	0.76		|	1.01		|	1.23		|
----------------------------------------------------------------------------------------
FiftDeJung      ||	1.12E0  	|	1.15E0  	|	5.33E0  	|
		||	0.44		|	0.45		|	2.10		|
----------------------------------------------------------------------------------------
Goldstein       ||	4.64E-4 	|	6.22E-11	|	1.62E0  	|
		||	0.00		|	0.00		|	3.00		|
----------------------------------------------------------------------------------------
Rosenbrock      ||	1.81E0  	|	2.06E0  	|	5.08E-1 	|
		||	1.24		|	1.41		|	0.35		|
----------------------------------------------------------------------------------------
SixHumpCamelBack||	-1.17E-4	|	-1.28E-4	|	-1.28E-4	|
		||	0.94		|	1.03		|	1.03		|
----------------------------------------------------------------------------------------
----------------------------------------------------------------------------------------
SUM             ||	0.71		|	0.79		|	1.49		|

